4294967278,36
4294967278,35
4294967279,179
4294967278,177
4294967278,40
4294967278,39
4294967278,38
4294967278,37
4294967279,313
4294967278,313
4294967279,177
4294967278,175
4294967279,176
4294967278,312
4294967279,310
4294967278,172
4294967279,173
4294967278,171
4294967278,42
4294967278,41
4294967279,308
4294967278,309
4294967279,171
4294967278,169
4294967278,47
4294967278,46
4294967278,45
4294967278,44
4294967278,43
4294967278,305
4294967279,169
4294967278,167
4294967279,168
4294967278,304
4294967279,303
4294967278,165
4294967279,166
4294967278,50
4294967278,49
4294967278,48
4294967278,301
4294967279,301
4294967278,163
4294967279,164
4294967279,163
4294967279,162
4294967278,55
4294967278,54
4294967278,53
4294967278,52
4294967278,51
4294967279,161
4294967279,159
4294967279,158
4294967294,437
4294967294,1420
4294967279,529
4294967279,154
4294967279,153
4294967279,152
4294967279,150
4294967279,149
4294967278,59
4294967278,58
4294967278,57
4294967278,56
4294967279,83
4294967279,80
4294967279,78
4294967279,77
4294967279,76
4294967279,74
4294967279,73
4294967279,72
4294967279,70
4294967279,69
4294967279,67
4294967279,66
4294967279,64
4294967279,61
4294967279,60
4294967279,58
4294967279,57
4294967279,55
4294967279,54
4294967279,52
4294967279,51
4294967279,50
4294967279,48
4294967279,46
4294967279,45
4294967279,41
4294967279,40
4294967279,39
4294967279,37
4294967279,35
4294967279,31
4294967279,29
4294967279,26
4294967279,22
4294967279,19
4294967279,17
4294967279,14
4294967279,10
4294967279,9
4294967279,34
4294967279,25
4294967294,89
4294967294,161
4294967294,1066
4294967294,1071
4294967294,163
4294967294,1159
4294967294,190
4294967279,32
4294967279,557
4294967279,143
4294967294,114
4294967279,142
4294967279,568
4294967279,141
4294967279,140
4294967279,137
4294967279,139
59,5
59,4
4294967279,279
59,3
59,2
59,1
4294967279,278
4294967279,293
4294967279,21
4294967279,135
58,4
4294967279,291
58,3
58,2
58,1
4294967279,288
4294967279,276
4294967279,275
4294967279,274
4294967279,273
4294967279,272
4294967294,408
4294967294,397
4294967294,412
4294967294,152
4294967294,178
4294967294,419
4294967294,179
4294967294,398
4294967294,418
4294967294,384
4294967294,1070
4294967294,191
4294967294,110
4294967294,458
4294967279,16
4294967279,271
4294967279,520
4294967279,270
56,6
4294967294,155
4294967294,1419
4294967279,267
4294967279,13
4294967279,289
4294967279,519
56,5
4294967279,266
4294967279,265
56,4
56,3
56,2
56,1
4294967279,264
4294967279,263
4294967294,120
4294967279,555
4294967279,262
4294967279,261
55,5
4294967279,554
4294967278,360
55,4
55,3
55,2
55,1
4294967278,359
4294967279,321
4294967278,257
4294967278,357
4294967278,0
54,4
4294967278,356
54,3
54,2
54,1
4294967278,374
4294967278,355
4294967278,253
4294967278,373
4294967278,372
53,5
4294967294,388
4294967294,387
4294967278,251
4294967278,249
53,4
53,3
53,2
53,1
4294967278,247
4294967294,470
4294967294,99
4294967278,241
52,4
4294967278,239
52,3
52,2
52,1
4294967278,353
0,7
4294967278,238
4294967294,30
4294967294,14
4294967294,126
4294967294,127
4294967294,12
4294967294,11
4294967278,352
4294967278,236
4294967278,234
4294967278,232
4294967278,230
4294967278,228
4294967278,226
4294967294,5
4294967294,128
4294967294,186
4294967294,1
4294967294,1065
4294967294,0
4294967294,41
4294967294,38
4294967294,36
4294967294,40
4294967294,69
4294967278,224
4294967278,222
4294967278,220
4294967294,471
4294967278,218
4294967294,392
4294967294,393
4294967294,46
4294967294,389
4294967294,390
4294967294,424
4294967294,43
4294967294,115
4294967294,2
4294967294,428
4294967278,216
4294967294,53
4294967294,52
4294967278,351
4294967294,107
4294967294,81
4294967294,50
4294967294,92
4294967294,91
4294967294,90
4294967294,88
4294967294,87
4294967294,86
4294967294,85
4294967294,84
4294967294,83
4294967294,1421
4294967294,157
4294967294,129
4294967294,154
4294967294,29
4294967294,417
4294967294,28
4294967294,1082
4294967294,27
4294967294,45
4294967294,44
4294967294,37
4294967294,473
4294967294,39
4294967294,96
4294967294,94
4294967278,324
4294967294,9
4294967278,212
4294967294,8
4294967278,325
4294967294,31
4294967294,17
4294967294,42
4294967294,76
4294967294,1418
4294967294,416
4294967294,51
4294967294,472
4294967294,25
4294967294,26
4294967294,1163
4294967294,425
4294967294,93
4294967294,95
4294967279,320
4294967279,538
4294967279,0
4294967294,7
4294967278,323
4294967294,6
4294967278,322
4294967278,132
4294967278,131
4294967278,130
4294967278,129
4294967278,128
4294967278,127
4294967278,126
4294967278,125
4294967278,124
4294967278,123
4294967278,122
